980 794 201 457 68 845 729 105 432 619 438 13 292 651 479 333 111 726 824 380 693 140 415 243 867 
29 517 639 861 180 957 230 47 316 590 578 45 762 912 371 225 689 981 581 1212 538 27 948 605 786 
319 264 507 186 1133 945 791 187 282 573 477 1415 832 643 320 5 921 514 55 674 295 385 156 419 703 
528 330 256 404 582 564 239 737 160 455 768 6 184 678 71 126 254 99 604 273 182 21 488 901 681 212 348 106 952 
699 289 339 707 586 240 470 813 558 2039 675 865 621 223 307 364 469 118 172 
506 209 446 741 411 936 297 640 893 199 192 999 500 130 758 915 823 352 927
 224 278 970 585 401 257 263 732 597 386 940 807 183 253 521 860 215 226 934 
 616 234 498 418 219 329 950 870 324 928 658 709 294 185 300 767 914 495 189
  437 334 736 743 217 854 233 701 660 441 102 340 146 918 259 888 871 609 428 
  351 537 451 482 785 924 530 748 249 892 387 721 452 363 577 818 101 917 468 
  328 522 519 372 2900 611 516 274 280 100 863 725 805 478 194 317 943 821 152 
  299 567 155 598 874 203 816 285 649 792 171 413 559 178 777 391 843 509 447 
  176 804 229 790 812 594 221 370 392 894 954 788 540 427 825 523 737 365 929 
  190 879 279 722 360 571 1008 112 841 171 919 209 459 224 174 306 198 352 42 
  379 267 820 115 49 580 291 763 1802 208 956 589 987 147 692 570 389 708 149 
  424 269 798 527 216 268 862 712 853 477 234 902 730 511 143 258 179 897 161
   610 860 830 842 952 486 394 542 173 223 354 906 555 134 463 926 531 109 391 
   113 245 630 235 606 908 278 515 752 301 782 754 126 831 54 373 964 697 497 248 
   253 483 538 786 829 460 232 720 322 576 948 652 476 855 368 951 680 731 834 5600 
   645 549 328 819 367 644 4110 251 24 532 434 164 298 275 942 657 973 156 632 77 3
   78 755 276 462 420 181 7 900 881 793 972 827 1001 607 1370 151

ra
pb
ra
pb
sa
sa
ra
pa
pa